

(-1, -1) ( 0, -1) ( 1, -1)
(-1,  0) ( 0,  0) ( 1,  0)
(-1,  1) ( 0,  1) ( 1,  1)


##  = (0, 0), (1, 0), (0, 1)    R = 0
#

##  = (-1, 0), (0, 0), (0, 1)   R = 1
 #

 #  = (0, 0), (-1, 1), (0, 1)   R = 2
##

#   = (0, 0), (0, 1), (1, 1)    R = 3
##



(0,0) (1,0) (2,0) | (3,0) (4,0) (5,0) | (6,0) (7,0) (8,0)
(0,1) (1,1) (2,1) | (3,1) (4,1) (5,1) | (6,1) (7,1) (8,1)
(0,2) (1,2) (2,2) | (3,2) (4,2) (5,2) | (6,2) (7,2) (8,2)
------------------+-------------------+------------------
(0,3) (1,3) (2,3) | (3,3) (4,3) (5,3) | (6,3) (7,3) (8,3)
(0,4) (1,4) (2,4) | (3,4) (4,4) (5,4) | (6,4) (7,4) (8,4)
(0,5) (1,5) (2,5) | (3,5) (4,5) (5,5) | (6,5) (7,5) (8,5)
------------------+-------------------+------------------
(0,6) (1,6) (2,6) | (3,6) (4,6) (5,6) | (6,6) (7,6) (8,6)
(0,7) (1,7) (2,7) | (3,7) (4,7) (5,7) | (6,7) (7,7) (8,7)
(0,8) (1,8) (2,8) | (3,8) (4,8) (5,8) | (6,8) (7,8) (8,8)


x: (3k: 3k+2) | x: (3k: 3k+2)
y: (3k: 3k+2) | y: (3k: 3k+2)
k:  0         | k: 1
-------------------------


== part 1 ==

> 19361 μs
answer: 27
That's not the right answer.

> 67959 μs
answer: 43
That's not the right answer.


> 1589 ms
answer: 2520
That's not the right answer; your answer is too high.

> 81627 μs
answer: 161
That's not the right answer.

> 81627 μs
answer: 362
That's not the right answer.

> 46571 μs
answer: 197
That's the right answer!


1 1 1 0/1 1 1 0/0 1 0 1/1 1 1 0
###./###./.#.#/###.
